bias:
0.4373674224129678 -0.14093352220973449 0.3440300340257101 -0.45007126628047817 -0.17947642200590702 0.33935688943560927 0.4215041491153254 0.5301938014466347 0.24929127949901486 0.06735098521244631 0.2384585705076131 -0.38669708457846974 0.4960561602032435 -0.45523899485806846 -0.4523544008977422 -0.39785090765612985 0.4623612693715412 -0.3931732996737357 -0.11220934516240949 -0.09085142334394575 0.12657669749611922 0.08677146708481331 0.284017206309093 0.5142283625159587 0.10606162079482961 
0.9896121883351151 1.5242017982703284 0.28621080912412644 -0.1281075830718445 0.43236514579359087 -0.4063084610170317 0.0760788793306566 
-2.7416966980583353 -2.2858448691051927 -0.40189201475808123 0.6919709603361777 -0.2834516579125892 -0.3207829291468838 0.6049737439428686 
-1.8970633543739204 2.2228921438843043 
layer1:
0.08823072959410186 -0.2988692826118429 -0.25597950987712736 -0.11450470194203763 -1.588131949466879 -0.687409810975858 -0.11503113734585352 -0.5381730938818662 -0.18389598004477029 -1.720223329615475 0.17353692993583839 0.9019068606199794 -2.249967789241492 0.3299989857497826 -0.05189455510273018 0.8759626950772261 -0.09392230204311035 -1.4849564769540768 0.15151545385547083 0.5122587074415093 1.6194508225175706 -0.8040820435162604 -0.35144291477923006 1.4479558164917763 0.8305356531335705 
-0.9213662624901297 0.7445245466053664 0.6085105331227885 -0.14860909578619705 -3.6147618132460275 0.5624717817162319 1.1744439888815645 0.12320117306305779 1.3561062132740955 -2.905521223065663 0.17597055251689778 -0.11814557826723895 -2.9452890624336314 0.15779836198165637 0.9761527768378907 2.0753764018191334 -1.1465490948416466 -1.9669108768698431 0.5424025031090847 -0.33874524613293744 0.699833114719894 -0.6369154864051936 -0.12415748602118122 0.9499899899882048 -0.09054294198926895 
-0.551412461519853 -0.16754988650848746 0.7185254479315102 0.4982274400127782 -0.7029888166554064 -0.9554788243008798 -0.21296985925125633 -0.5288702631361812 -0.6003348655028617 0.4687204133910934 0.5503807807249017 -0.14376140580479535 -0.7619398880574848 0.49102809672604963 0.13698322347216685 -0.39302782039443596 0.30127539831745853 0.8203046615666727 0.14719695670340838 -0.9769973783166876 0.7788953371948955 -0.9616252377544408 -0.497977450900549 0.3773634540432136 0.6773404988482827 
-0.5017957149549204 0.9597215971970892 0.5836973354287849 0.9097042325418314 -0.38704422854519094 0.3241120778920168 -0.8221253754298208 -0.8154054808371836 -0.5052757680582816 0.5499216824788331 0.9604796971070637 -0.8926273523179233 0.6302694868360539 -0.5552758062709444 -0.4685724616644713 0.8075699123790583 -0.17792198260550074 -0.5263777034057933 0.6452375039684632 -0.3808445626764667 -0.023397921219794338 -0.708017031216644 0.8252585328468685 -0.13428253711580984 -0.5124593398805752 
-0.9368297139588513 0.9974047985593246 -0.35948810658213337 0.9405402019224771 -0.6376367655226862 -0.9612740099331845 -0.37827725524067035 -0.3432879334850689 0.5241843060984517 -0.9165968422284103 0.42616865922675884 -0.8041245699133877 -0.33899237830322426 -0.8114742252669545 0.7800815104658361 0.35645324787871857 0.26045443478492225 0.5342715019669215 0.8734729196341455 0.4374627795220911 0.2647245155513145 0.7178762178966918 -0.3350041457415107 0.569057704146746 0.841053975637573 
0.8980467445465272 -0.3829020754886898 0.7715959555924936 -0.3282711656611539 -0.4437648514105206 -0.6333450606075943 -0.9307790591365821 -0.4762746671102842 0.46345817603255157 0.1741635352410511 0.46246148868663606 -0.8978111090724243 -0.9238880391822841 -0.355038805184148 -0.14463000914336388 0.7486029229640123 0.03149744109619723 0.17883452176005 0.13623452862111884 0.41364108230040264 0.6735366078459102 -0.12023421468301598 0.5269163096580993 -0.4836645024003239 -0.3885725354655607 
0.24545865947572798 -0.9556209853511384 -0.2046646176472846 -0.8012514145260468 -0.14332459179391766 0.4589933946018816 -0.9353295598024727 0.5177920207177167 0.4993074577248413 -0.5122860378378593 -0.09442597556136634 0.9636678409741115 -0.32250743352758127 0.12624277976373177 0.7575624256032538 -0.1550111594255308 -0.6860179391315728 0.0028091643499927876 -0.3838942323886556 0.5527108035022159 0.5843524592820968 -0.5727899602038067 0.6008688708021324 0.7959686509894808 -0.7054536062688712 
layer2:
3.144877503772924 6.024136233358375 0.7290403456129149 -1.9701721473725018 2.587022284244148 -0.22951871105668722 -1.0228185687792246 
2.8686594518679818 4.145033210566848 0.1483283272610184 -0.6847289557449351 1.9815894112603294 -0.7259633541700983 -0.6084830809638357 
0.5006831217474277 -0.4761310847855442 0.18658117849996447 0.9247694838172413 0.23302341401681526 0.9499630407638084 -0.08379165579818193 
-0.3192336583340529 -0.23825875977940192 0.5373238818832728 -0.03774029718233507 0.5277797818047054 0.5416199443474157 0.5199107029368415 
0.3153788875632628 0.07790893266589105 -0.08665225699784407 -0.8422256956177709 -0.0664404812832935 -0.5418902909110699 0.6822236569005398 
-0.1362247731678996 0.3215273145773596 -0.7611333225619858 0.9031263396738571 0.02010053396129341 0.4227386911462756 0.4854325098753951 
0.30955028968509346 0.23537228193709092 -0.311441165569859 -0.00799990928152794 0.256156106006042 -0.8845929642098842 -0.9729276474501625 
layer3:
8.020314563943856 4.721697829854693 -0.6071183252555491 -2.0753608231957523 -0.36684767855718675 -1.1711762110558164 -1.6056278798579755 
-7.800628841216703 -4.922220845439512 0.03427124390773372 2.3071638035771413 -0.08443688636125786 1.3043419786140187 1.4699743363964826 
