bias:
0.12051221636545639 0.6436894904318875 0.06627824863393683 0.14130319768250954 0.5054047651689191 -0.4982429674738137 0.10590020582390713 -0.21850850699689556 0.5339907404958371 0.2895096178792109 -0.009530694725321032 -0.3698551066714856 0.016730131376973767 0.62006230576072 0.5934895664474151 -0.42283437686869924 0.4326100093524945 0.19130238508537178 0.022646615795929415 0.42912510527612513 -0.0374118201420488 0.238416614411198 -0.26962929297026017 0.2846059005686027 -0.2985331501233779 
0.3197934002961255 -0.2118390938187879 -0.05587079860626615 0.6392968058446225 0.594852734336071 0.22651419760420155 0.691959804786751 
0.3539290674337759 -0.14384095209780645 0.47481428987020846 0.06533721284672578 -0.15758663119837096 -0.1574716601338786 0.6720076464239344 
-2.491778595535013 1.4617055692699445 
layer1:
0.7353366159289386 -1.9980097486854578 1.334441234491551 -1.3028596893381348 -0.4387918344483404 0.8995576364233451 -0.8720530987096963 0.9274660900523536 -0.5767342296682696 -0.3737122114245264 1.7009232759123118 -0.27377760510387583 0.8247588391136519 -1.6010079508698587 -0.26819961804376685 -0.2922111340294922 -0.1640938818804323 -0.18279109466592586 -1.137377066838923 0.47646980967805563 3.677806102640763 0.4965211263623257 -0.09641749529910679 -0.27995450289854124 -0.0359511313577298 
0.11765183553709606 0.3827160436440936 -0.9375223842035095 2.106425937389225 1.0359559998424235 -0.7252805431804747 -0.49838577760394864 -0.8720003943554708 0.2776476163302656 1.0470598066266843 -0.5323151840772733 1.1684565917364398 -0.9222048659195377 1.1963151557679337 -0.7270246057854447 -2.3195868100508097 -0.6497398318628064 -0.8138907233389772 1.3012708229166123 -0.03675722778362531 -3.757810753786678 -0.8419914577481913 -0.11154343996977976 -0.6291067801673883 0.8365860210410264 
0.45747410180406956 0.133980492170525 0.9882897502504566 0.4095228209456232 -0.89973186354467 0.3598710337453068 0.2890217616983757 -0.9872587634246117 -0.09978756427570623 0.49566210879658223 -0.901256828561656 -0.5084925032922851 -0.48569720314713494 -0.8899304572044755 0.07443396047679318 -0.5514320801179113 0.2886547875657204 0.14668095847192264 0.3712245728144117 0.8658077363824424 -0.12307416889535872 0.8944638021615716 0.9210018226721908 0.46486990540321327 0.16465542275673073 
0.229049766392861 -0.6689493151727814 -0.538493723259565 0.4895740937584656 -0.3885703154702713 -0.7195230384767151 -0.09169852456714489 0.8764484424238514 0.8248321955126172 -0.8230750323562466 -0.2791978310684553 0.5460446255654146 -0.7627991692390743 0.5333658881427792 -0.3050266793988501 -0.6886917680860063 -0.504174752868447 0.03450243137986031 -0.6507050710581348 0.6398745625065312 -0.007678728275487545 0.5845969906797803 0.26270226425266396 -0.8594612009948743 -0.8197025648286931 
-0.23670073884482212 -0.27003507086259426 0.022330647658697078 0.8846844647891676 -0.93668672174204 0.018988123135748047 -0.3216452587283054 -0.8891550730872113 0.04350949656324565 -0.7100871188118751 0.9625722811841846 -0.45677759820999664 0.10335394766809713 -0.6762191435549338 -0.04378349988526975 0.9174282974634211 0.9692915888421174 0.608920195232997 -0.9384506906346879 0.7563059791487361 -0.8190135922672512 -0.9538996121502792 0.11418182135908017 0.5796527910881646 -0.12491281035574242 
0.558893527515818 0.8711982346489653 -0.3710797875398244 0.9864523408623236 0.2335710753574567 0.7108367504799613 -0.6076460530918311 0.6215345029527481 -0.7367448923626727 0.6704983009421475 -0.2273239624351331 -0.1941107569947902 -0.06606605619574357 -0.9466321113538172 -0.39144862220653676 0.0675391947925097 0.16534261958934793 0.7499507635942921 -0.5572780325032489 0.3901907681914938 0.707599206162776 0.14933910353177615 0.9238334391220318 0.9550645217313107 -0.005120532242696596 
0.056043319848146034 -0.9643827867847683 -0.21263195097018084 -0.1296992867560227 0.3817343763798995 0.46623487587711643 0.9332042539645551 -0.07842042541416006 0.5472624876543073 -0.13777062640226423 -0.8850257684278449 -0.9950839946251837 0.5088302027881755 -0.5443298003437465 -0.05190019934111656 -0.3150518479584765 -0.8867837784443824 0.6097192115729919 0.7491552452722092 0.781513590725182 -0.909540666992545 0.19698510758130272 0.7252650686450921 0.9893410885500602 -0.5915703421553788 
layer2:
4.240451087080267 -3.81192070177498 0.43671736080074214 -1.6647898305176163 1.9307216905335396 1.2112459797028117 -1.365383198230653 
3.8332820267601924 -4.2530391159203145 0.3603620543421176 -0.7469593284960838 1.8998266600055282 1.0770174909665267 -0.24262224634831597 
-0.05142802896684473 0.294735404878002 -0.034569660557400184 0.6638685347867015 -0.8037880960365502 0.7620502085893666 0.5886006085145659 
0.5728630852140217 -0.29518255553606676 0.06662938636489812 -0.042952398941664915 0.6104166316939519 0.8627473254236022 -0.705615398821908 
0.7867898992795885 0.6214784723772371 0.4382292315404983 0.19116550368694707 0.9311241845971776 -0.45719750961376504 -0.301358289780701 
0.9231971171648055 0.8210555142891292 -0.9748705773181052 0.4010515251595914 0.7344230183939864 -0.840051323996607 0.5542340784999904 
0.25831615438212685 -0.015541816009156717 -0.057469838367441684 -0.03432573149779716 0.6198256670280737 0.20124530212616132 0.6593852299859229 
layer3:
5.855492076959132 5.562486224688763 -3.5729484963201017 2.7886554900109135 -0.9689871194537061 -0.8350933598576946 -0.17227537194213324 
-5.988834329491569 -5.616658142203709 3.1478321638538063 -2.2288560552307417 0.4388749465730461 1.6105440119283 1.4408446134182893 
