bias:
-0.37758831442243934 0.4615146241367336 -0.4729601665080511 0.6037083434657333 0.36021569473218196 0.052565265482462875 0.5257564559363865 0.5850269521464595 -0.19060591831505014 0.362055762938402 -0.14704695251494576 -0.25267056592329584 -0.4327688869444516 -0.4676704824235322 -0.35375652039715666 0.4570480904054455 0.5672172629889609 0.2179656593368554 -0.16952707608323742 0.5372387086223682 0.5857105199913537 0.1631644412758846 0.37459109081911457 -0.040303564431126815 0.25597652029772344 
1.1927502152997715 0.447382900069837 -0.09348581010009122 0.44613807120184457 -0.47311754461408384 0.008896881825827263 0.2803679678977492 
0.6226361089029137 -1.041106464673375 0.6399980840087716 0.5059436922793956 -0.07004414678883503 0.43007582477103556 -0.001776947966044995 
0.9748627515661389 -0.397712275135874 
layer1:
2.2931793937243974 -1.01929048874054 0.5120616323838991 1.2669869909724285 -0.593812164562624 0.08173512438945191 -0.7112156386489443 1.1688112385082263 1.707488326370966 -4.444346457133034 1.8825427696455208 -1.1126959249391082 0.3148192982408339 0.9084610109400972 -0.16930319559695228 0.2917814457651234 0.6092719004179218 1.1157076034633764 1.335510397076853 -0.3020744666971369 -0.6316662014389144 0.6959119475888372 0.23283068147961503 -0.7738580247060992 0.2895972090630772 
-0.6145335794017722 -0.12182168921895323 -0.9005306799880979 0.9506575752594046 -0.12758472670582938 0.7852426572499331 0.23073735732638637 0.1002203273357477 -0.2662217070768559 -0.16327515561406897 -0.34637139637317 1.2815795156482765 0.3291064365209973 1.044630152753364 0.8634066939114543 -0.35545589185894494 -0.42853037810628397 -0.07749901034587567 0.556692718054333 0.7852613254936612 -0.4792540758975767 0.8195359329316243 -0.21936331118470273 -0.4258285257701427 -0.46004517925491795 
-0.06502436912222365 0.8569220280532885 0.4972801338904651 -0.3962772266793584 -0.35824581833817093 -0.5970069727080078 -0.9735392675700885 0.1714922386396298 -0.6596157005174543 -0.14690456169149546 0.10016925581698333 -0.2780035998372745 -0.7244094874210305 0.19589470200304615 0.46096065030082234 0.5068070193121195 0.051902232768577417 -0.3915089177433786 0.4324858321908678 0.6445165148722347 -0.2760869973608733 0.8726492056542381 -0.9537678376424297 -0.24142425796618272 0.5087723492890805 
0.04047251818417341 0.9390859771149396 -0.14283904505660439 -0.49353076656352335 0.8644764748308629 0.37309753142574054 0.8811561015591083 -0.05176859493462205 0.6574043127824167 -0.48015747928277364 -0.5970216999122446 -0.5593683066818047 -0.28997933438466217 0.755291444579729 -0.6718868580433361 -0.5672435648353213 0.17050840189205219 0.12711258818470905 -0.8671310565291774 -0.2939415126791778 0.3769843774251511 -0.6151491148416515 -0.8340015679087336 -0.9287190471622502 -0.9649581742534357 
-0.9955598595717321 0.84847772964426 0.6541055171263868 0.34511545204753147 0.4920214339336586 -0.7751277223484823 -0.8390566802800976 0.2098584058858124 0.9180568007157199 -0.7486386757456391 0.3385520416275236 0.9896089187677761 0.1112427314487614 0.4496315126806898 -0.5240699343228421 -0.07558356827738422 -0.7672572208580173 0.11249232576755008 0.244201863966933 0.30398645532248714 0.5547757515839111 0.1162057190417698 -0.5700238901349892 0.742295356067652 0.1836105487210029 
0.5761629415669383 -0.8100765585516023 0.5015156524525879 0.19553382860512825 -0.923316283580615 0.33908503411068613 -0.28971635789879246 0.1953742621602157 -0.9876496570312059 -0.11730908913502791 0.5342321521419484 0.6606804602837031 0.697433812039588 -0.48896889313343084 0.8821005673820095 -0.3993333160663317 0.3316066258210948 -0.9008117621432075 0.0686267237990712 0.03755620186980657 0.6542789821579353 0.3882067601886643 0.005814052875870113 0.6089664926041198 -0.8234643150518852 
0.9715395706288865 -0.0429404114915537 -0.8065026394157948 -0.7512091827764511 -0.5296233929598437 -0.33598248369053296 -0.12230136301891714 -0.09608062223975411 -0.646271591027215 0.7439652626030853 0.8111083136729851 0.40976380510094024 -0.7560986115504538 -0.3441720182552317 0.5370698411059005 0.7715557770313317 -0.254732955304257 -0.7540903802627683 -0.7594492293631152 0.04393293489110728 0.8439945322476776 -0.09023213646586692 -0.9797979242387267 0.2438715752383236 -0.25131996820921154 
layer2:
-5.302463176021971 1.5709930583517342 0.7550531896398717 -0.3729955287776952 0.6512386925826297 -1.1895432101550854 1.3181725494082437 
6.003016071449814 -0.5193045335731473 -1.1247317574365725 0.020951407557678697 -1.151005382625814 1.623370182407689 -1.8004291307732978 
0.42450570082505146 -0.8176089962522921 -0.7892292918701984 0.13430176352408396 -0.510529906159713 -0.16070528970541287 -0.7272886937771204 
-0.45041906959425404 0.27480692118528416 -0.02067700689999885 -0.31610867318634717 0.09706978658634924 0.5274663739145877 0.6763772215687203 
0.04180612073647749 -0.9325946877834235 0.38060275759810414 -0.014977547896766197 0.7524261948269584 -0.9785999323189998 0.7630070820655939 
0.9523866950431881 0.6168117988263451 0.992498277129187 -0.1811364588386959 -0.855205577628618 -0.8154479483574939 -0.7228837029656057 
-0.9592271971727657 0.029283406550641766 0.37091597611525096 0.017275128194172762 -0.14000121569875823 0.8567941949389113 -0.9681316603946726 
layer3:
-5.635343461602489 5.933607051487707 0.5447974601559018 -0.2452124894461786 -0.7337642031564829 1.453539477361737 -1.8375475795878706 
5.040191811082688 -6.3051010927929445 -1.331652193405199 0.12845625877907646 2.121325357053895 -2.035094707960716 1.596754437463929 
