bias:
-0.24964819836911173 0.23753686161214216 0.2592854516383839 -0.040329008723730464 -0.11814996332620908 0.16475513740228143 0.6231285500559727 -0.29518815284997585 -0.45090041325292274 0.09543233284121166 -0.2741847523263868 0.3913104980642491 -0.0096800784114911 -0.08623016697435565 -0.3548862704062104 -0.31299982749466354 -0.17350488985535567 0.22533932969807557 -0.22933629392456195 0.5135922642657289 -0.31349128062036813 0.666933350333536 0.28078659107637527 0.6709996155959193 -0.44611198802933744 
0.5853265720268033 -1.0312373582715932 -0.44976010473794065 -0.42090959663008587 -0.29764984836686686 -0.4203808148829925 0.20238704839656052 
0.028310465840188544 1.1332515253674957 -0.39857131377198673 -0.19248536238137887 0.2653961281994981 0.50437800939868 0.26127457944424637 
-1.8651352808752426 1.4172016531789915 
layer1:
0.5029659699501833 0.897260947600918 0.9502906638740231 0.9010029177752062 0.3045796718921211 0.7595471763498349 -0.44637810825591684 -0.564018716666787 -0.0225504204909541 -0.40270560939107736 -0.021672505090965292 0.4228818743475958 0.7423373065850782 0.5500357541689448 0.630608723442801 0.821934418710143 -0.25432092566560716 -0.1414650556045852 0.5445092519503668 -0.7644563695224942 0.6018073800382171 0.136715037673402 0.8054415398736084 -0.498651259273284 -0.8272146803497841 
0.31598441797726595 -0.762151154406464 0.6480507922752449 0.07079035125219973 1.8488581130801687 -2.753277878678988 1.0266069951449701 1.0273768497225724 -1.7459938821225167 1.522047277690288 -2.7070953167787972 1.5717026375133467 1.4339194017594372 -1.1855816523391511 -0.4093250713907139 0.03602800953185228 -1.1150988842390364 2.696263254695262 -1.0967717323863857 -0.1824355926009056 -0.2904073244613342 -1.6013708354188048 0.21253727822057705 0.003926559414637349 0.014070192166943643 
-0.4734739454808403 0.10895861372438898 -0.9767744824526248 0.15244767470500653 -0.9911815035670068 -0.16549688927880313 -0.966123883432614 0.8573653166542141 0.6215482194826394 -0.7389310030964704 0.5477671980708891 -0.6180731534972761 0.7590753020556991 -0.48560341073997937 -0.2560389504395628 0.6125759059085893 -0.5492102217055184 -0.8976498897595371 -0.9675982870600208 0.2004502975528124 0.4446213107618613 0.34338304287568655 -0.21008935769432768 -0.1353688703024547 -0.7588951740297758 
0.026214706944041266 -0.7272795385026889 -0.829592247040789 -0.9558726704976217 0.025143642962612178 -0.698443701605258 -0.8553203430734644 0.6823720789226762 -0.17606038954014047 -0.6905881918055672 0.4753830422232628 0.9558670464610575 -0.05772752653457491 0.6488112651002336 0.23909450712416702 0.5749346727150682 -0.887849871788247 0.6744865601618815 0.11073055454334968 -0.11576855687760279 0.7178550649593465 0.04904072194019404 -0.16847327688568292 -0.09754479537194793 -0.5086164088780032 
0.9633089739910115 0.34624648916015843 -0.14130997003170553 -0.2535923531714679 -0.4802306343690368 -0.5321651566114027 0.36924830136483644 -0.46270506280953283 0.39649599114698764 -0.8125024622315862 -0.3257395850071265 -0.9542610035333667 0.09078779386390079 -0.17954691685382107 0.9411532678902277 0.22606553632889015 0.5357469320458164 0.062368928210752905 -0.4574506391970572 0.2812978447580192 -0.3102786180220334 -0.2712397238487543 0.42900890401277025 -0.10442049906622031 -0.18233324945379104 
-0.5406051013917468 -0.7575723707451802 0.31456794028133794 -0.3848767023095576 0.9920124416716105 0.6537941324905208 -0.6560715143208979 -0.9303555320584607 0.7444340526839279 -0.44059893095954483 -0.8729264324189137 0.011154200568339379 0.39140125216617405 -0.7675048605383419 0.16680834184375337 0.6718501713247571 0.8822515776489357 -0.697259412099696 0.47155805408254214 -0.7420880745683196 0.9178009828627018 -0.4762364200486984 -0.06462998453712032 -0.47058758107106735 -0.7104284944352832 
0.6894331817538122 0.10189721162953913 0.6914725787841043 0.681766412608694 -0.22757340604078236 0.3160866092054897 0.5188390349849445 0.5461610740566072 0.38401706475631636 0.9333111859935908 0.5677061835492097 0.482344391247272 -0.008087812498012159 0.7341999956451919 -0.4272566993882414 -0.8094902734577873 -0.016637121141867883 0.984436138793207 -0.3160705216001778 -0.4887389488374596 -0.3763479794846536 0.682308678309085 0.06693856798429287 -0.6733345513999731 0.23546374375256685 
layer2:
-0.4934370222980644 3.779903663715675 0.047529936360504746 -0.2237293439172618 -0.004745204722908079 -1.013540209548457 -0.8404387376254852 
0.8681207570664845 -7.7149152610296525 2.611513670171176 0.07624416780516513 0.3923875353733722 0.7751730954774181 0.7891876618550684 
0.5989469630147704 0.32204958173907183 -0.2918477731976419 -0.5018692599691077 -0.2959695783602596 -0.01780828069723661 0.46208978306108883 
0.14447863230506997 -0.2613854663599944 -0.5275883315094019 0.11704812458556657 0.8344810613171609 0.28684153962780434 0.20108759212531724 
0.017199892556563956 -0.29384262526502325 0.23159400942712027 -0.31464811955124716 0.6456439707768413 -0.46172044558985825 -0.6923321680416881 
0.6305627865430352 -0.7092886098723032 0.3304357882856457 0.8463754284974823 -0.8264879056555452 -0.93037385002873 -0.7655167197314543 
-0.028349066419281588 -0.621946854558558 0.6525999104847482 -0.8581060612547109 -0.2481309784217356 -0.2934006425148543 -0.31917014981014846 
layer3:
-3.220700645777981 8.784008573315509 -2.450115973690602 -1.6498695361800473 1.8927461483518035 1.0188175144005216 3.269067242869853 
3.146740227421909 -8.68541106774045 3.5040614964413286 1.6183635517362165 -1.8859205784335193 -1.0908433699891864 -3.591091856364998 
