bias:
-0.05821398723035415 -0.20789196815105493 0.4116882070011809 0.4148399837484953 0.36810554592157974 0.08961371004432939 0.4634796149677902 0.6254420469057609 -0.34137408362749455 -0.32564447966433174 0.5550912686255085 0.32387145046261334 0.4418671501208822 0.21079636432031723 0.357739222307786 0.06787361665064418 0.1484813891149248 0.09333875545830472 0.03577162992048599 -0.17767696205490313 0.07422797936737124 0.19973526180356294 0.6101912995189696 -0.1280131409452378 0.6204322978635755 
1.2311602890229194 0.793762450400549 -0.11200373950815007 -0.23505673113532094 0.3769969648485181 0.08005745264575825 0.4519193231871981 
-0.1835782013047021 0.3969572970851752 -0.36887458799381445 0.15416732005936262 0.008021995155867323 0.5774800604096675 0.3377383797234704 
-0.7611472184637682 0.6817165177407655 
layer1:
1.8212425153341176 1.0657644345924144 0.06412554663803172 0.9865622199399019 0.8683569115574604 1.0799204386952166 0.8473636404379714 0.506747151016223 -0.21431422172098247 0.7861115419479874 -0.051230140182600636 -0.06918566415098094 -1.5064219687077376 -0.4889787870883329 0.24019153552240297 0.7426396425310134 1.0502693417285198 0.34203293697852083 -0.0033670257817339706 -3.259172734654742 -0.643263123901386 0.7002566326692892 0.3219976682285829 0.9170966722748252 -0.24548414701848364 
0.8265625238538912 1.0854069261763652 -0.003781236637563523 -0.31282213916947055 0.9644826908346678 0.7777206125153303 0.11684092537505403 -0.18316038419293915 0.1538019566578287 0.43375330409798374 0.24540534194360902 0.3133312435420393 -1.0972830237541036 -0.427877386535705 0.40202222311818053 -0.4059203110459914 0.7090407074405896 0.967033259532721 0.6623429589716662 -1.4433831351490292 -0.5611319735039757 1.0419892281900411 0.6494575743384785 0.632370503803839 0.23574929580962012 
0.6536823227027706 0.40268159962397454 0.10489695746759176 0.9795596810474436 -0.1872671310466767 0.6765142910934929 -0.7479044732601481 -0.3609888538554491 -0.5931425588193413 -0.35228833920125546 -0.5739893514898236 -0.36395211563017216 0.4267329940390874 0.6702487609516374 -0.83469005636355 0.702300230525273 0.01686312371418941 -0.7700891431374339 -0.4397789601517659 0.5981146269993549 0.5647941735650428 0.580075956139801 -0.511999615270921 0.5116007042602024 0.03689246304523697 
-0.537303256488403 -0.09531418966480598 -0.5455925695835062 0.5966319540985949 0.7204509407942326 -0.8988467705154948 0.5275800552473782 0.9886083634129623 -0.43107956378560486 -0.06498725718670806 0.7999909998364507 0.4312601218047485 0.5730491839807648 -0.03410425614820056 0.7234770791391216 -0.1664571242743773 0.9600208141173101 0.15019991262738364 0.5029583327228409 0.03557012565202888 0.8010889055033656 -0.7076256702548747 -0.35354842373254436 0.47049726747297393 -0.19221949201192756 
-0.19665693242049032 0.03903500401129367 -0.8453071546266226 0.013287391788283198 -0.5173188477701067 0.31645887580637 0.23550601946835292 -0.5522523263940127 0.019671828654024948 0.05823905179095634 0.4607049761244053 0.06651287298936359 -0.3006091629279779 0.37671072057452015 0.880926458843988 -0.3466154505768464 -0.5965224298111031 0.8476591032586946 0.8562426966621637 0.19619615271275692 -0.5887298989487919 -0.5902137412956243 0.01021696706888875 0.3200067850039585 -0.2645046014154757 
-0.14558699921881457 0.15958514630655296 0.7635627321404017 0.7677226484478747 0.8334542732500496 -0.5550338272325634 -0.40242523741531566 -0.1376973141056681 0.93284994040873 0.897769855966887 -0.09125087178781799 -0.8464679380057523 0.2902701724424146 -0.4992642746186786 -0.9885997722917754 0.379296800905907 0.48005792073998377 -0.5656967007543323 0.8988654240471741 -0.22453505280657393 0.945009959448498 0.6482786571215928 0.609830330444256 0.20881438974880862 0.12373949958026964 
-0.8419717232315909 0.46006654426981863 0.6322968347794755 0.6040034079427381 0.5366968978289481 -0.32202821779774427 0.6749547145273642 0.12651820763563748 0.9597114338620218 0.8826948745667216 0.719823830379313 0.07042924349238544 0.8550990412181938 -0.9434823978232614 -0.8233303148633566 0.17073818455166245 0.7229124906201387 -0.811443415970531 0.8224214581669642 0.649634750779722 -0.9906779387645459 -0.3952612737015704 -0.9393172201644573 0.6878192524286888 0.05569873779763945 
layer2:
5.371538489379523 1.977267588524939 -1.5833928266307171 -1.3306304105373796 -0.019360929920691574 0.2658790382517002 -1.752111834486704 
-4.273450348071489 -2.0494840289939065 0.466073445644165 0.8187094336373091 0.20615540416644512 0.08227822415639588 1.9740509447911114 
0.7730881939179846 0.19683407200101577 0.18575518363604582 -0.9440896300573738 -0.04384675776295199 0.8645477961759174 0.23589536918605591 
0.5549232319837232 -0.11718858862550574 0.7048753823730878 0.496257932879828 0.9475946403559126 0.6423245262730648 -0.6076660081533762 
0.8889033124511592 -0.7318462823577203 0.6621062123337627 -0.6027807676306853 0.3002990269408605 -0.7458255771672042 -0.5639123398203185 
-0.04475290191362502 -0.44779428905781016 -0.3670966426839777 0.46293173843388513 0.28319252743257484 0.9531695333397336 -0.2761953367114829 
-0.09632186557257172 -0.9220611674297974 -0.8596008830452984 -0.08475490267465613 0.8219173141583163 -0.5445066743636093 -0.5684299318293251 
layer3:
5.976312192689514 -5.384711919815979 2.2926011740312555 0.3186881560974371 2.4814666814665647 -1.801168166958044 0.04830178854034904 
-6.413520650155529 5.0513117837692905 -2.0342107062577406 0.764923742941442 -2.8504482701930502 1.2145544009003248 -0.26951440063752735 
