bias:
0.5657872774679473 -0.00856680002234711 -0.1051068022367016 -0.0449073655649066 -0.20277593792230963 -0.14626725510631566 0.3338128064658319 0.26954873309234617 0.467008972420335 0.5160002702975695 0.6672497164465703 0.6801292515487034 0.4442004450520727 0.4726567684445495 0.4713569878876921 -0.38475661714712434 0.5138485448835564 -0.4790802739004786 -0.08316359844803789 -0.27646704092125973 0.6849225808465733 -0.08715171582998477 0.29348136029912 -0.09482868327449195 -0.07334384873795191 
-1.0370535396618963 -1.8385742290242866 -0.297167319374657 0.42714559055261203 0.3239783642157432 0.10723411573130992 0.0704841596467729 
1.1467210851588656 1.3437461430559616 -0.07857598058400683 0.23984989720448657 0.553414246595656 0.6384479682288282 -0.14309678083359578 
-1.1118474740573996 2.10433778886534 
layer1:
-1.1103971026890493 -0.6482859235642836 0.01830831893714296 -1.0466943039308827 1.8339841988467798 -0.36048603116675376 0.363842736726666 -0.9383189066927733 0.9926893675906723 1.0305208711395215 0.17641662538513875 0.7067862476441669 1.0663032551020055 0.5675372211272278 -1.0644167193031793 -0.20088590259704744 -0.6686395456730567 -0.9453559149633729 0.3441191350772204 -0.99789445116485 -0.7780435268130441 -1.318557813159175 -0.32495114105727657 -0.9977310740392739 -0.8687218985205657 
-0.9001742675961771 0.07374085358719161 -0.2970075749162986 -1.0397002385012808 2.3047211702189254 -0.6483885900801132 -0.5674264935597775 -1.0387686560342626 1.0966828415063639 2.0286543773071712 -0.4333436594083733 1.107887651889044 0.47736702015407934 0.11571851816606682 -0.7999946053709756 -0.9132442798169229 -0.2656894051263333 -0.8311222089397168 -0.5152246943098532 0.03951429920041678 -0.4254967301656665 -0.7937275405231974 0.5436384341221256 0.34422790731209546 0.5700738975265454 
0.2886348844514408 0.25983265906640174 -0.9292210906718976 0.8109472530738127 -0.7163199452514979 0.4030550684104981 -0.9059637241400809 0.4203048130778253 -0.5838888285407351 -0.030137991461278713 -0.24860931286192933 6.610304715504167E-4 -0.8089684397874448 0.20001270219369482 -0.16106779898556445 -0.21460293025591493 -0.6573852523470745 0.5516705731756837 -0.4602967868030512 0.9190238271675548 0.5431278709209879 0.12348918411038379 0.1580481447668609 0.3750003772106052 -0.7361189695927726 
-0.04040318530519693 0.7780150457176807 0.47022615642639853 -0.22770552720460535 0.10887797962702317 -0.8760548402114703 -0.7881358828506528 0.29029134694301306 0.6165918449212922 0.09865427411153926 -0.5749582199318561 0.19273910261807625 0.24550786533584645 -0.5156264849860026 0.6353683919303907 0.7906780869760739 0.6553787196505279 0.11388400324537895 0.018096748881183178 0.7225920723618497 -0.986286957219898 -0.5459545455740584 -0.6238509816510802 0.26799047381250696 0.5674488684769925 
0.9911831950210068 0.07211606968737483 -0.9989119985145012 0.5742714185118478 -0.9324346372391803 -0.885268597280676 0.11838304143102962 0.17395788689726732 -0.10953356810521075 -0.8117897429679761 0.5024516147047926 -0.7257265109685744 0.3200793865602505 -0.6867642919541328 0.12528947878747476 -0.6674168073338602 0.7398045054761413 -0.958735428636367 -0.2519496105911261 0.03348439591760943 0.8222076989319145 -0.3907844771863076 0.04004442062029967 0.2944061452424298 -0.6737915439501403 
0.31949324637945553 0.218375920470405 -0.2247383356966366 -0.804179005491052 -0.4393067979311662 0.10061544366097763 0.1248809067861838 -0.8219602440775113 -0.6527788353249273 0.06641730815991265 -0.4339088844996075 0.9372247456983296 0.03145377740662281 0.8400080412432009 0.10295316508447927 0.21560859188542714 -0.0700443132946238 -0.7660116077907644 -0.3721965479737379 -0.025687506217150435 -0.9943397957941973 -0.9640941498840734 -0.48760985249870026 0.6465235506425759 0.46081098788704966 
0.07257146718226415 -0.11346588985459949 -0.3557476830852253 -0.8791476059292938 -0.8468911422492911 -0.26061434272366313 -0.9176453822082513 0.8273474747394804 0.07024056879657592 -0.7775116731652063 -0.6817329815911095 0.7083926071037163 0.1303317000355777 -0.9094984834353093 0.35317191503913414 0.15788867959767794 -0.21377415123293209 -0.9154249853365151 -0.5999277481211507 0.6304194582552627 -0.1370747306157738 -0.754991344195993 0.9965234422417051 0.9463780408813596 -0.4053177678766833 
layer2:
-2.491083535757561 -3.7572439367933286 2.1502633799712214 0.9288651622874297 1.6340313839357115 0.32195711388467446 0.47066824060320095 
-2.481263876668717 -4.134669669385626 1.5402800300100534 0.7522198345239939 1.7136424082830015 0.6345062256531513 0.9049292665996969 
-0.041518197107703436 0.6106384521923873 0.9734087628767156 -0.0670459059282944 -0.9960128369209791 0.4470089594658413 -0.08629948651576913 
0.3353440805564427 -0.4689813311553541 0.3322422881477993 -0.9296189502666174 -0.4851759954976922 -0.1326856235713274 0.200743435954726 
-0.3594292460611255 0.29202157634579273 0.14777362812451433 0.2554836217654137 -0.17246116923189514 0.995672622708567 0.330156376513967 
-0.31861105982186677 -0.10330156278399505 0.5637860902990919 0.6751167600921884 0.8101393803053305 -0.7599664410839915 0.1171241955418969 
0.945271031912359 -0.48890252440476867 0.07572882260615965 -0.6529010599066405 0.025265072444684344 -0.45402373281593067 0.5132871564407906 
layer3:
5.118799301388825 5.504179926228147 -2.072686543820028 -1.180965023502333 -0.942725266116323 1.3746935717675492 -2.210634769205948 
-5.265223574332497 -5.577593164008931 1.042640944953032 1.1445651277095348 0.29583248186123945 -0.7798263081026714 1.7299014971857567 
