bias:
0.3165598901823714 -0.3062616693188204 -0.3388839115484089 -0.3014579425078895 0.1434259515282783 -0.21990630167682096 -0.43228522162867544 0.5219067966079469 0.6184899889364055 0.07618530956093206 0.11330272473487024 -0.022926534962677048 0.5242147162368 0.516322968739485 -0.2968649502862676 -0.10510539048785378 0.03560655888489983 0.05492894647593538 -0.46005858891427853 -0.2700102590875334 0.22656560280112104 -0.1853817981753425 -0.21748397489391863 -0.07210903494234838 -0.16152398154793562 
1.1955608487066471 -0.8147225030718163 0.4588512400243747 0.4036025349822887 0.5966094680575378 -0.4897567265326947 0.34535291597758444 
-0.562858788300286 0.7600052101458299 0.07895939483167269 -0.41733923963164005 -0.3412261358195954 0.610856941516029 0.386410254587208 
0.588033296083742 -0.5901273554744672 
layer1:
0.017418034087067245 1.8312362563891158 1.3772112939992092 -0.5454982882751479 -0.946557802397865 0.4764589729164083 0.0178967486697211 0.6012273401113333 0.51078109046954 -1.1918190574318959 0.8102044896238935 -0.29265439701504775 0.20414923956841585 -0.8875654737786859 -0.20817650507480717 1.5591451089721837 -0.5634921504446501 0.009017204170083304 -0.4001915844963761 0.7405052375351697 1.6760712240956828 1.4535078066357914 0.11824610888047135 1.1339129774962806 0.7077238577449207 
0.47670300651453973 -0.2927595715601571 0.5228038184505921 0.9080755900818099 -0.8609967635648343 -0.20025974493344065 -0.07282119546454122 0.6793556711000638 -0.43589854422096985 0.16826470977551602 -0.7969101745031613 0.3704209219900594 0.1661090048117769 0.676506979520478 -1.0481476683768456 0.04877414802385492 -0.0882520538951815 -1.1075706052196428 -0.38188843426028524 -0.9631156916360095 -1.4728148691332206 0.17361962388319072 -0.8726781126165265 -0.045091487778096274 -0.8061529247251575 
0.09529051809031142 -0.33732172378306413 -0.5731525599687801 0.09533849554096396 -0.6811353186822597 -0.0423433397184072 -0.07980720556666543 0.03454103198896119 0.8511412653803567 -0.40627425715079 0.5292699086873234 0.8971508169407043 -0.8821447794133439 -0.42167590589611437 -0.7455681667965208 -0.6417139454769951 -0.9069916085159613 0.13997469329479473 -0.2802225883453182 -0.09697227464900693 0.6725280711050725 0.4031296428458231 -0.49108819593574315 -0.49707555067893416 0.4348519218441902 
0.2225395574077591 -0.3653878558116037 0.15041725485270274 0.7574951628793831 -0.2908085617870162 0.038211902294064126 0.5927974050364608 -0.3097051042478367 -0.6978760813586191 -0.14759296323524662 0.5858275858718824 -0.26983096666874307 0.37519487901699544 -0.6884214422128192 -0.22182953218200296 -0.3011341164833503 -0.6848586578463642 0.6566160876009239 0.9412861809971993 -0.7056774423217105 0.7670378092515102 0.15661800703457218 -0.32452561557145265 0.5678908393638642 0.3155249306721626 
0.4577345160039086 -0.04874694713748662 0.573828527496739 -0.7450549979633703 -0.13019015993408112 0.8862813940765268 0.7440968516527886 0.2987878092805787 0.9143715980183036 -0.9884495881774173 -0.8393568671085345 -0.9113849516113879 0.4829045961639973 -0.053420868993401927 -0.17100958095558494 0.1848969861571732 0.2922383976419498 -0.11812821693449438 0.30109466933511086 -0.14303801763811408 0.9742673869271843 0.5579052014161738 -0.4479276179249889 -0.5634768072408025 0.10011324017787748 
-0.4665675018368123 -0.11545947377616961 0.25901407096795426 -0.2857693944099555 0.4519043434242995 -0.18404736948933653 0.2892292845942328 0.5418468578695468 -0.2566757218255886 -0.6015451042012969 -0.5874675270527574 -0.06648234352570825 0.7398711293513589 -0.7725735373866123 -0.9298402386316267 0.8234706355330836 -0.4628635757505952 -0.48599038126979344 0.4269117328624734 -0.49619937063036623 -0.9011596574463983 0.028575314364699178 -0.41820677230651615 0.854469305188224 -0.9185937714576413 
-0.5337894396886054 0.46692557454884853 0.8194542252458192 0.645787883762811 -0.1580452668452581 0.02732158993964573 -0.617718408092528 0.12746092766569417 -0.10734757470451672 0.03387949845361771 -0.930431544235955 0.8515043540762677 -0.8560686247902878 -0.5457829495441688 0.099090681425827 0.6082136773820765 -0.7050460566125116 0.69073327437129 -0.31071729388889446 -0.6542958453538334 -0.11976778580994596 0.19255050102982674 -0.24003259921702402 -0.5105238461099568 0.7869364079314245 
layer2:
3.994273236440497 -1.7554458380978724 -0.21466092239680418 0.6538360637140873 2.831011479666363 1.3276710379988135 -1.3234547166356254 
-3.765508711901941 1.5362653011101843 0.6014150029181243 0.021974283754578623 -3.1406244895586215 -0.5095675481412465 0.3500117820435535 
0.6061506681418871 0.8481982195915161 0.26902742847990413 0.22205366181930342 0.7038442417106263 -0.9986680320710728 0.11487497844184946 
-0.45496215663707806 0.9037574089608351 0.22771039692707395 -0.472888264812912 0.20758295109265568 0.2013617012826543 -0.572592311656897 
-0.40342774856174723 -0.21839761695791893 0.7156600125480708 -0.2607509513095112 0.557165127787782 -0.4036976839863362 -0.44071286607574733 
0.23316211883964755 0.7767209576921781 -0.7772032188734257 -0.7871233346589042 -0.5266127144907804 -0.4125354551869249 -0.4422381498533807 
0.33857033385212554 -0.6042767385911954 -0.9791299633785593 0.08700057473713274 0.05543574202179524 -0.82949970304492 -0.49420252629494654 
layer3:
5.989899398079091 -4.656342614743649 0.19601199979985182 -1.8746793247275062 0.8654013914246076 -0.2028441168260126 1.5832381899957384 
-5.376172958792887 5.313163785181786 -1.0111860928245222 0.03644757637615834 0.09426088955021693 1.5282083792758598 -2.1351122403111393 
