bias:
-0.1446511978545637 0.010542536199259489 -0.4435398266063107 -0.1874335850053631 0.22234732299108895 0.30850581316434444 0.28906185880498625 -0.4171696888210096 0.04684465123277648 0.21845678754597642 0.17613571807299955 -0.3584256301342593 0.39097196527320344 0.518406685076201 0.4582661564483127 -0.2627921084155429 -0.17290498391434728 0.5278785036513096 0.5776978086974613 -0.32848718060425025 6.28292988645418E-4 0.5325592604366514 -0.39859666370309776 -0.2995522992117833 0.29777724050527143 
1.0609315542000883 -1.3841281450001615 0.3277978868516723 0.4486654298991378 -0.14857512731220268 0.4769444263471736 -0.046523328873560144 
-0.3877626127632818 -0.5914638831866822 -0.3198706949408368 0.6879746596333487 -0.18947346291135253 0.619794474067225 0.04826025684835289 
-2.8300534959432126 2.2520530759725625 
layer1:
-0.033059302519958624 -0.05235084692128731 -2.09923090306241 0.5350859357165633 -0.3079799209671427 0.762720483787149 1.0390973023521441 0.23094604137609503 -0.4827947572162208 -0.8636996613356965 0.47122610847809737 -0.23911611997881116 0.1636038406382486 -0.6565555407149304 -1.1636031938877387 0.8013642395529309 -1.019894795174256 0.3655651214915767 0.9293596542860796 0.9736433598756308 0.650764895349361 -0.45397771340547727 1.0750658834693072 -0.6244305116811885 -0.15415887111766524 
0.03298282429443245 -1.1641236625469062 2.1232968089406614 -1.1951458763123417 -0.8620074352395504 -1.0134287757564309 -0.8998946437060211 0.8743263117970091 -0.11837709430288247 2.0419972592050444 -1.8484431886587964 0.7998769699898975 -1.164014389820335 0.22698329633129846 2.362962937531682 -0.1966918987631195 1.1097435431272515 -0.4915432480130086 -0.33723972382120765 0.2448599914350742 -0.22172573092496342 -0.08931182599703563 -2.086874343819799 -0.04766420713416569 0.3969792987938232 
0.8085831916215427 -0.8982926769893977 -0.6931031043819089 -0.45131264480830535 0.10492112845350254 -0.0792611265279739 0.4445883425460899 0.29749615190618495 -0.10846901129314834 -0.9668217075705197 -0.27115061530468254 -0.4479784472256616 -0.9693736859046793 0.10319518635340685 0.6959238674915362 0.6403715553929248 0.624368647575041 -0.5288595123411637 0.46404124753007414 0.5345085352676922 0.14288038743768827 -0.8169278194725074 0.2940819720753933 -0.10138334143617334 -0.80184336937444 
0.34063326480126355 -0.11019987157439504 -0.9424165286429129 0.42316540750479525 -0.22206459245935073 0.16740078627611688 0.7955696504291219 0.5345661488647044 0.08186618061049677 0.24966012245672875 -0.4393452983156827 -0.41088206802704375 -0.20549545051409446 -0.22233380948173265 0.13006395677389082 0.6879882114109162 -0.7289064646125687 -0.7163489586828362 -0.9185039636894095 -0.060185551662150116 0.11428629289090853 -0.6687277084749959 -0.4804130965192339 -0.6374888635381086 0.3651458208140299 
-0.5949038147890293 -0.5774381328688214 -0.4145439844497667 -0.2963546754599786 0.11892218233280838 0.7026418986418526 0.707828455733146 0.7961812238360133 -0.7870185214675987 -0.3852125117439118 0.475515392959573 0.6248766338690757 -0.97706871830612 -0.49812245652156295 -0.9418601031136797 -0.8567809065417296 0.6289584769011443 0.030437442054163544 -0.8605922943185678 -0.07515890787335544 -0.26880447426008014 -0.9504541919622249 0.7781084637416364 0.6070184470580751 -0.5519564182433849 
-0.003435701223896359 0.553748891803542 -0.12227296899564766 -0.3031128905359053 -0.6231481080760182 -0.12006484859661848 0.5148632293649518 -0.4079240448228796 -0.7393602811216728 0.05026305505219919 0.5585004018776933 0.38294051283089203 0.9687578017241887 -0.424385221971175 -0.9181821671540489 -0.14500288812252582 0.1599218301897367 0.6784018805491479 -0.7763942533784418 0.8303908087160858 0.38580299554389064 0.42843457467757196 -0.8449856606745609 0.4290136528707753 -0.1538805273577042 
-0.06326167493463752 -0.5245190961313506 -0.9103730274146371 0.554503962399872 0.2677788212566665 -0.8324649041137158 -0.9992930328858913 0.41691753642256124 0.28719763509375307 -0.31255263124940647 0.5536231894916266 0.8278952375184472 -0.4686986362864589 0.02845171235252275 0.7061512017111118 -0.6940753235780148 0.3661872037926388 0.6655392448910997 0.7322094626892135 0.41777468986288424 0.1985289875677403 -0.824415385058975 0.7341029246598099 0.782606570860684 0.3066887224533619 
layer2:
-1.1051352075121283 -0.401996029741938 0.41938070358285334 -0.7468698646281466 -0.05681029153738571 -0.3846517197308872 -0.24884689798441498 
3.5502430302915826 -7.10333227632981 0.2468249986069285 2.0720348659265952 0.7437580668202731 1.4058139386596213 1.0455077493516987 
-0.8499727523837695 -0.2943480379944474 -0.6471861410279276 0.1575457418723616 0.473056975191706 -0.648770454358315 0.6100361456862147 
0.19936018454782323 -0.9059064742031937 -0.8670754111587742 -0.7309940364605401 0.4621251807307789 0.9351457791815063 -0.8227538065394713 
-0.7201397672740681 -0.37496432413162273 0.9931809861519048 -0.4734302823475691 -0.6273356734823516 -0.5335762714933956 -0.601247178377045 
0.25877033194402066 0.7556783150763817 0.6185206892143729 0.7329860486197903 -0.8741519053559934 0.9258918971019219 -0.48236655786975535 
-0.8782231328879408 -0.526919984333317 -0.9156798614536443 0.042715032173377354 -0.09854020578296852 -0.8837496504281033 0.8301939666203311 
layer3:
-0.9916174691388725 10.559568056419081 -1.7296336184352639 2.0928153025934315 -1.1572014865279558 -1.8957427854772144 -0.8033717579373655 
-0.15637278221297385 -10.678806301208276 2.0746591622374857 -1.2497147275581268 2.5902324642792647 1.8350474353342237 0.9539623770539083 
