8128
8127
5241
7678
3261
3882
3882
3815
3881
3809
3898
9151
3753
2740
8256
2941
2683
9746
9168
2887
3292
8653
8561
2457
8497
7841
7381
6076
9423
3759
9441
4524
8447
8448
8451
8400
2862
6221
3779
7011
5142
2730
8087
3353
6750
8921
7934
2931
8935
5747
7932
4285
3985
7443
3717
3837
7345
7147
2351
8924
7148
8226
8394
2617
8767
3989
8973
7012
7826
9983
3726
3735
3069
9842
3811
3571
6916
4546
8675
3399
9811
2529
8477
4553
2345
7186
6931
9982
7720
3032
2338
6088
4634
7671
3885
3663
3713
3467
6623
9132
4115
6783
9177
3841
2170
8241
7763
3371
3213
7252
7757
7814
7584
2943
8658
8983
9351
6430
6453
6454
6511
6425
8261
8257
8258
8262
8263
2191
4286
8977
8992
9145
2836
6503
6500
9944
2525
2533
8945
7585
7393
4164
7675
2885
8427
8056
8433
8581
8571
8045
8422
8418
9088
8457
8557
2861
8557
8430
8431
2884
8572
8555
6768
7834
3836
4561
8946
3780
2660
6764
3347
8243
8220
8649
8691
8630
8272
8312
8613
8646
8164
8623
8236
8230
8184
8175
8313
8275
8172
8174
8648
8638
8753
8647
8637
8255
8651
8624
8636
8710
8252
8233
8242
8712
8171
8054
8055
4233
6035
4060
9771
6412
4468
8614
2944
8443
7914
3642
2653
8891
3654
7711
4937
2427
2426
2471
4161
7841
7384
7383
9169
7557
7570
7478
8948
3126
8291
2883
7923
3881
7149
7164
7140
7258
6528
3078
3070
3151
3336
4343
5830
6351
8797
8887
8352
8565
8866
2693
3768
8985
8666
4128
9683
8515
3903
5630
5623
5671
5600
5946
5561
3343
3346
7589
7061
9343
7543
8855
5643
2455
8978
7747
4643
2216
3045
9831
2687
4934
4933
4116
5309
7827
3704
3834
4103
4100
8182
8181
2641
7664
4521
2639
3575
7516
7838
4557
3373
5071
2456
4488
7782
9223
8934
9162
2051
7671
2060
4175
4110
4172
4174
5538
7043
7346
4235
7747
7811
9625
9542
8943
3368
3574
6235
8776
4241
7672
8053
8991
8969
8085
7394
9134
3243
8471
7439
3987
3916
3917
3943
3768
3764
3763
3412
7742
7836
7966
9612
9675
7132
9324
8719
4114
8741
2855
4231
3066
7025
3016
7937
3884
3885
3794
7517
7586
7754
8992
7281
9073
7187
7150
7158
9152
6795
9554
7756
6445
8885
3658
3426
3462
3672
3671
3623
3796
2644
8479
8428
8772
9167
7811
7475
4955
7900
9727
3994
9752
5527
9792
8925
8893
2093
2011
2092
2040
1069
1011
1012
1013
1014
1015
1016
1021
1022
1023
1024
1025
1026
1027
1028
1029
1031
1032
1033
1034
1035
1036
1037
1038
1039
1041
1042
1043
1044
1045
1046
1047
1048
1051
1052
1053
1054
1055
1056
1061
1062
1063
1064
1065
1066
1067
1068
1071
1072
1073
1074
1075
1076
1077
1078
1081
1082
1083
1084
1085
1086
1087
1088
1089
1091
1092
1093
1094
1095
1096
1097
1098
1101
1102
1103
1104
1105
1106
1107
1108
1111
1112
1113
1114
1115
1116
1117
1118
1119
1121
1122
1123
1124
1125
1126
1131
1132
1133
1134
1135
1136
1137
1138
1139
1141
1142
1143
1144
1145
1146
1147
1148
1149
1151
1152
1153
1154
1155
1156
1157
1158
1161
1162
1163
1164
1165
1171
1172
1173
1174
1181
1182
1183
1184
1185
1186
1188
1191
1192
1193
1194
1195
1196
1201
1202
1203
1204
1205
1211
1212
1213
1214
1215
1221
1222
1223
1224
1225
1237
1238
1239
1529
6114
6114
2347
4483
3047
9740
9737
3422
3554
3648
7682
3335
3257
3557
3346
3414
7973
7273
3821
8695
9725
9165
7013
4732
2738
2700
2737
9541
9500
3123
9624
5462
3973
7161
9364
5551
5609
2064
8474
9375
4967
8163
8735
9919
8073
8083
6915
5662
6913
9654
3015
7964
6647
8756
9372
5621
7811
4844
2858
6239
4973
6523
8943
5064
2888
6448
7935
3052
4742
8445
9833
9834
2949
2713
9764
6765
4765
4743
4764
6222
9611
3837
2946
5475
9735
9375
7683
7472
3413
3417
2694
2676
3066
5465
7673
3648
8372
8951
7900
8419
8973
2678
8417
2212
7225
6424
7341
9127
3442
9836
2673
3848
3927
2014
8999
8495
8074
4145
7526
7555
3647
2521
6135
7253
2161
7432
8700
8957
2141
9513
6648
6640
8918
7940
8229
8041
9300
8873
9962
5920
8122
8558
2615
8840
8840
7843
2373
2371
2370
8345
8485
2854
2522
8592
7211
3780
3978
2735
2118
9917
7988
4737
9232
4144
6524
2694
4079
4078
4225
4063
4000
4002
4024
4025
4026
4027
4028
4029
4030
4031
4032
4033
4034
3825
7144
3643
8135
2649
2337
4516
3395
7915
9365
4130
6621
6772
3834
3275
5510
8460
7683
7072
2049
2643
8764
7817
8482
9914
5624
8874
8357
7228
8989
8597
6766
4495
3627
6781
5836
5745
7200
4492
2182
2027
3263
2344
9147
8244
3374
2510
3153
9913
8799
3721
9791
6342
7849
7846
7967
7977
7960
7967
7850
7843
7851
7847
7960
7979
2646
3635
8416
9556
2545
2023
6323
6513
7020
2330
2120
9225
6328
9235
9174
7712
6333
7135
2897
9175
9226
6325
2407
2400
2336
6087
6353
7224
9451
4211
9083
3013
3053
5515
7457
2233
7443
3783
3780
9343
3304
3323
3300
7763
8497
8765
3321
3337
3341
3379
3461
3394
3757
3328
8913
9684
9314
4067
4069
3043
9473
3185
7824
9554
9781
8523
7347
9783
5742
7744
2423
2424
3432
3854
3860
4374
3165
7973
9143
8131
8130
6624
4646
8413
2526
2453
2451
2036
2035
2030
3932
3935
2113
3252
2176
7735
7723
2177
3358
3295
4245
6347
6348
2659
7093
7661
4124
8882
8742
2509
2500
2947
3136
2091
4354
6625
7136
7139
7133
3865
6352
3855
9321
8582
3608
2765
7732
3255
5213
5231
4900
9163
8052
7724
9211
8086
3352
6645
9122
3985
9794
3847
7370
3837
9934
3722
6055
9918
7456
7175
3721
7099
8227
8380
2363
2611
8767
3989
8973
6447
7968
9985
3324
3735
3067
3814
3561
4621
8432
6774
9493
9433
9431
9442
9492
9421
9444
9436
7282
3994
8835
6331
6922
4177
4090
7271
3893
8732
8644
8640
6793
3849
2151
8157
4964
3864
4266
6042
6116
6085
4754
7087
4141
3996
3994
3997
3993
3390
5525
8777
4122
8969
4972
7276
8716
3815
5932
3837
3817
3816
8754
2686
2681
2193
2183
7473
3752
8685
8597
8082
6522
3067
8747
3873
4976
2484
2485
2483
7812
9952
6111
4471
4472
4754
8543
6334
4517
3444
4935
8981
8774
8774
4567
9721
9672
7951
5925
7362
7733
7134
9813
5734
3923
3715
4232
8762
8435
7527
7954
3578
2131
2132
2100
7386
7385
8346
7272
3906
2217
8984
3728
3895
3894
9071
9625
4075
7833
7728
7853
7553
8913
8978
7162
4842
8951
2360
9474
9774
9126
8851
8315
8473
2821
7668
5502
5500
9124
2230
7954
3221
3232
3233
3200
9723
3212
7972
3211
3035
3231
3036
7064
9019
9011
9012
9000
9021
9022
9023
9024
9025
9026
9027
9028
9029
9030
9093
7352
3954
7045
9173
9363
4625
9084
9161
9121
4752
9081
9171
9821
9172
8692
4733
5711
5703
5700
4545
7227
8286
4813
2464
8932
8694
8992
8771
4273
4224
4086
4074
4220
4087
4242
4085
4080
4251
4200
4212
7473
8192
6344
9814
9228
2314
8452
3842
3273
9917
3795
3626
2434
9784
7172
9422
6136
7815
7585
3936
3555
8442
6327
6326
7745
3000
9178
7533
8296
9222
9631
9915
7348
9915
9934
9931
9826
9437
8265
3786
7837
3041
3892
3593
3597
3588
3594
3595
7683
6034
4123
7532
2053
3958
6525
3011
2832
2677
8440
7587
4735
2376
3853
3887
3563
3846
3564
3874
3852
3875
3874
8957
3655
4843
7432
7681
8344
3360
3322
3383
8380
2192
7696
3876
8247
9491
3768
7735
9362
7838
7971
4334
6806
6800
7191
8731
3999
3176
8563
8777
6341
7537
7716
3812
2647
2658
3014
4071
7935
9796
9733
7694
4274
9676
8716
8777
8475
8991
9361
2672
5555
5063
7678
7935
8984
4484
7275
7016
7015
3459
8726
8725
9756
2181
9634
8958
9141
2675
4566
7775
3724
6238
3851
2365
8724
7847
2631
3138
2633
2669
7095
3786
2117
9941
3253
7987
8043
8493
8045
3248
9374
7772
9931
2454
7781
7353
6070
3741
7362
9798
6078
9643
3721
7525
4841
4741
6440
9545
5143
9241
9242
3664
4337
8424
5124
5054
5130
5123
5152
5100
5144
5122
5111
5126
5135
5121
2746
5137
5055
5136
6133
5141
4611
8146
9323
3063
3758
7431
4183
8773
3424
7940
7530
9123
2472
7051
7122
7958
2366
3350
7194
9673
2175
8785
4324
7538
4434
8988
6300
8124
9841
8469
5673
3735
4335
3821
8667
8956
8294
3355
2475
8671
7523
7473
7261
7258
7521
7251
7361
7476
7522
7400
8471
8283
9339
9330
7285
3281
8676
9547
8491
3181
3137
3183
3182
3163
7333
5300
3963
5552
5945
8354
3962
2173
7827
6211
7977
5948
7564
7914
9915
7661
6455
2215
8994
3147
3127
3700
3831
7274
6237
2852
6044
6008
6000
8784
4515
4494
3899
7661
8254
6423
9549
3728
6444
8714
4501
2638
8931
8516
9553
9522
9511
9544
9517
9521
8518
8995
7843
9923
7839
5349
5331
9752
3955
5083
9514
9945
7256
3396
8745
6041
8618
2882
2145
2144
3821
8971
8973
8973
9944
8874
8879
4912
8492
5526
2616
3579
7062
8360
2517
7668
2655
5741
8713
5411
5674
7975
9982
7174
5744
8774
9181
8044
3657
7953
6911
8195
8284
2428
4921
7523
7954
9133
3046
9062
7542
7282
3075
2881
2879
2870
8693
8477
7391
9234
8925
7756
3578
8888
8494
7814
7985
5837
7159
2655
9341
3256
8356
7279
3556
7391
7800
3161
7763
4977
3994
2948
7773
7766
3843
3384
6200
7524
6100
6400
2340
6120
8911
8156
4325
7775
8446
7356
4126
2623
4737
3264
2165
7759
2024
4956
8912
8496
9936
8756
3965
3627
9555
6421
7082
4963
7841
8957
8483
7981
7823
2143
6760
3553
8868
7068
7768
5310
9772
4600
4811
8341
7381
7183
6775
9733
6773
7334
2898
2755
9553
7212
4751
2243
4284
7668
7530
4965
7052
7717
8468
4138
2903
2921
2900
3765
7305
7300
3372
2853
4765
7582
3937
4622
4943
6134
3356
3775
9943
5553
9144
4133
9495
7094
3886
9909
9900
2851
3577
9113
7841
8617
5516
5539
4136
4135
5622
2745
5536
2612
2625
8152
9730
9725
9739
9725
4482
8627
5725
5062
7847
7678
3992
8254
7673
7675
6912
8274
3053
7761
8988
3821
6755
2458
8978
9532
6097
5746
6435
6043
5412
6413
8162
5340
5321
6096
6115
5449
5440
6090
9184
8595
3813
7226
3732
8919
7541
3066
2541
7551
3967
7535
6045
3780
8136
6050
3786
8913
6065
7918
7759
7214
7775
4543
8887
8681
9089
2016
2518
9155
2619
3904
3832
3648
8978
8977
7184
8693
8966
8960
8132
8318
8319
8318
4281
4283
8868
2632
9221
4555
8707
8981
7331
8782
9233
7781
7757
8888
8831
8196
3866
3186
9634
5743
8425
4836
2309
3022
3024
3021
7761
8228
8093
7720
8878
8553
9461
4633
3129
3188
3274
9724
8660
7838
3909
6456
7026
9169
2234
7342
4953
4556
8071
7463
5667
7775
6932
5838
7332
7441
8973
3133
8517
7394
4137
9346
7098
9962
7925
7954
9909
2694
8449
7761
9912
7396
8776
8776
9946
7954
2339
7783
2322
3959
3397
6903
6900
8533
3434
3645
4942
4644
7304
2065
7733
9534
8714
8709
8700
8531
8532
7817
2527
9231
7663
2629
4326
3262
3075
8441
7967
9164
8888
7960
7774
8976
4932
6921
6636
5435
7720
2462
3755
4700
6452
3247
3246
3155
3144
3143
3142
3234
3235
3068
3145
3146
3077
7854
8134
4835
7351
7695
7300
9176
5664
5663
5752
5666
7057
9757
3718
9754
8348
5726
4975
7344
6449
8271
2235
3871
7981
9136
4352
7453
9531
9662
9551
5452
3754
9745
8716
5650
3450
7434
7370
2422
5732
5820
5453
3441
8137
5800
3400
4641
8514
3443
3421
9098
9097
4118
4134
3378
8133
7017
3375
5400
3931
8825
8341
3184
8513
9342
7512
2736
8949
4271
7286
3344
3989
9835
8917
4948
6630
7391
8282
8935
6343
3510
3515
3516
3508
3517
3518
3521
3519
3500
3501
3524
3525
3526
3527
3528
3529
3530
3531
3532
3533
3534
3535
7065
2911
7163
2146
2535
3893
8042
7715
7714
7700
2698
8863
9912
7981
3812
3905
2213
2200
3345
8296
4275
8273
7751
8060
7165
6782
6132
9131
7257
9200
9183
9154
9245
7932
7185
7195
3744
3552
8834
8868
8872
7176
5672
4911
8097
9915
8145
4181
8674
8521
8484
4922
7500
9063
7561
8821
5668
6527
3641
3075
8656
7255
2634
7756
9485
7838
3598
8628
4445
8554
4823
7985
7044
4355
6917
8415
3282
9664
8356
8551
7343
4485
7822
4064
4977
3994
2942
5363
4320
5751
8831
8808
8809
8800
8935
2425
2760
4127
3129
3844
3012
9784
7092
2750
7545
5065
2094
7741
8911
6933
8983
3175
2435
9482
6622
7355
2626
9913
7784
2645
8912
7731
7912
8496
4173
8746
9938
8756
3214
5463
3965
2524
9561
8739
7085
4962
5931
9072
7097
3398
2142
8562
9832
6612
7800
3357
4812
7912
8291
7186
8065
2421
3349
7215
4552
9797
9793
2899
3463
3646
8923
3592
9749
4942
8371
9739
8722
8522
8284
8471
8925
7981
9471
9548
8717
9542
9775
9663
9953
6345
8976
8856
8915
9782
8925
9533
8925
8248
8738
8311
8581
8918
7039
3152
2544
2618
9652
8706
2642
2691
2675
3132
2685
3179
3187
8591
8456
3325
2610
8948
3327
3872
9096
8512
2723
6032
2712
3433
2537
2536
3809
8612
4264
4262
8454
4253
4252
4254
4300
4372
4361
4511
4356
4331
4332
4405
4246
4433
4412
4432
4551
4431
4481
4400
4362
4311
3997
4535
4541
4544
4333
4537
4632
4371
4564
4263
4722
4363
4822
4531
4376
4522
4461
4554
4532
4341
9682
3795
7912
9082
7695
2063
8272
8292
2364
7814
7143
5451
7695
4558
6923
8342
5534
7957
4755
7681
7745
9824
8414
3933
9621
4826
4914
7824
9733
8886
4373
3562
3551
4821
6767
4336
8935
2162
7400
8635
6335
6311
8697
9982
7677
6077
2671
9933
9941
2377
8983
5222
5556
3743
5904
5903
5905
5900
8458
2840
7370
8744
8954
8854
8242
2610
8161
8191
9354
9512
3326
9825
3591
7444
9153
6784
7511
3604
3651
3661
3603
3662
3625
3621
3600
7836
8998
7086
3964
8761
9823
8935
6075
8956
8799
8095
7027
7030
7370
7042
8990
3994
9345
7771
7561
6112
7727
3042
8229
3821
8698
2214
9937
9090
3898
4913
4631
8511
8591
8598
8500
8593
8596
8594
8556
8183
9515
4338
7838
3244
3240
3242
3777
4475
3065
3082
3060
9311
8825
2648
7463
7923
7477
8092
7536
4523
2668
2071
4766
2476
9085
2119
9754
7693
7691
7600
7621
7622
7623
7624
7625
7626
7627
7628
7629
7630
7631
7632
7633
7634
7635
7636
7951
7766
8245
7762
7720
7831
3381
2614
4267
4941
8426
9099
2074
3853
3821
7664
9722
9734
9484
2431
3756
2637
7766
7582
2209
3250
8105
8921
4542
3023
6113
9443
9826
8984
8866
7980
3134
2721
2097
2087
2081
2519
2080
2028
2095
2084
2099
2098
2009
2085
7084
9922
9481
4375
6414
7838
6914
7756
4125
2017
4327
7666
8728
8932
7458
4090
8153
8155
8154
8929
8773
2013
7142
4761
8956
9796
3388
9612
8858
8858
8858
8986
8429
9636
7977
8767
9324
3925
8291
9235
2682
4150
9776
2166
8986
2658
9373
9739
4565
8946
3995
5919
7038
8707
8895
6785
8455
5125
5665
3874
2490
8619
8896
6769
2378
8066
2039
3630
9313
9136
9961
9777
9344
9142
9641
9146
9327
9316
9135
9133
9322
9766
9165
2459
2465
2300
2613
7817
9784
3776
3724
9224
3825
3826
4465
5085
5084
7464
8973
4536
4756
8300
3833
3908
9951
9091
3245
2886
8978
3893
7833
7193
6446
2094
3559
9653
9375
9623
9475
8977
9074
4525
2651
8253
3976
8373
3974
8348
8883
3177
7552
7527
7513
7556
7584
4563
9451
8434
2654
7743
9954
6758
7914
4971
3033
3733
3742
9766
6786
3162
8654
3792
3793
3636
3576
3720
3773
3720
3791
3572
3773
3656
3652
3586
3714
3573
3653
3712
3770
3599
3712
3656
9632
8256
3102
3109
3121
3104
3141
3100
9742
8995
3425
7841
3074
8824
6762
7479
4176
4272
3942
7018
7019
7003
7000
7014
9813
8944
2523
5720
5731
8051
8125
8144
8391
7781
2433
3952
3950
7145
4171
9434
9435
8126
7047
8141
8143
3386
9609
9608
9600
7370
8308
3659
3944
3945
3988
3980
7785
8732
9789
7562
7960
3809
3974
8862
8788
4533
8111
3729
8660
8439
7818
7800
7814
7823
3881
9633
7474
7081
7171
8611
8609
8600
8652
3332
9671
9315
8897
9112
6320
6223
6230
8193
2083
8655
7728
8478
8483
8481
8484
7454
7283
7922
7584
7452
8684
8858
8726
7284
8666
8708
7455
7925
7921
7443
8673
8733
7435
8737
8705
7276
7563
8683
7515
8699
8698
7924
8734
4954
8123
9494
9408
9407
9400
9463
9483
9325
9743
8072
9774
9774
8881
9773
3131
2038
3716
7960
9681
8096
6346
2242
2241
8330
8357
8351
7960
2889
8856
2543
8151
2432
8139
8138
7253
5712
6080
7951
7544
4467
4547
4496
2111
7383
7753
3334
5081
3786
7071
3596
7192
7213
6336
9934
4234
9474
9983
2856
9942
7811
8341
3863
7334
7121
6086
3163
3754
4767
4745
4721
4735
4824
4746
4734
2697
6131
8622
9317
8423
7843
2066
7184
7063
9353
2067
5540
3051
9913
5053
3821
7349
4945
2656
9938
6763
7813
2440
7725
2692
3170
3135
8879
7751
7056
6757
6791
6710
6771
6753
6700
6720
6721
6722
6723
6724
6725
6726
6727
6728
6729
8732
5520
3918
3918
6635
4534
7737
8019
8000
6821
7100
9622
5476
7661
7763
9685
3866
2640
3752
3751
7477
8849
8272
7472
8281
7918
7913
3259
2655
7915
2000
6600
8444
7465
9981
9955
9970
8393
8975
8475
3418
3844
8272
7681
6031
8225
8947
7936
8893
7940
2255
8872
2254
9799
8953
4121
8762
8717
8861
9125
6512
3900
4162
4163
9523
2321
2317
2315
2015
2318
2310
2319
7900
8264
3377
8969
3800
9326
7664
3125
9312
8986
7811
7477
3348
3761
3761
3044
3711
2628
8452
9935
2134
2133
3762
7833
7763
8736
2624
8625
5008
5000
3757
8692
9707
9719
9700
2896
3411
2822
7976
7285
3341
3034
2699
3154
3726
3731
3734
7932
7539
7735
3064
8660
8088
6224
2381
8121
8272
2022
2021
8541
4845
2335
3926
3922
3924
3921
8295
3907
7091
7090
9762
9095
2764
2767
2253
2251
2766
2711
2769
9761
8297
8300
8718
9094
3073
7514
3915
3416
3644
2834
5641
2831
9092
2945
3369
3258
3284
3294
3331
3382
3283
2461
9165
4931
7362
8696
6098
7261
2534
2835
2890
2800
6451
2375
6236
4243
7381
7973
9812
5675
8626
2089
3896
7054
7834
8668
3359
9111
4132
4342
2696
2652
3757
3334
8109
2635
7843
7834
8991
9100
4184
7181
3423
4353
8237
8731
8782
4466
2086
4833
6066
6067
3465
4951
4474
4624
5232
5235
4947
4066
3972
4455
5243
4456
3466
4446
4464
5461
5430
5359
5358
5244
5350
5233
4097
5361
5464
5094
4493
3971
6062
6060
4834
3458
4946
5472
5471
3929
4447
4450
3565
4645
4463
3385
5362
3587
5211
4503
5234
5474
5061
4831
5323
5322
4628
6756
3928
3589
4486
4487
5082
6064
3580
3464
5095
5092
4440
4832
4969
4921
2252
3354
8946
7348
2073
3910
2531
2532
2316
9561
3934
4117
2657
7131
7130
7083
9086
5324
3787
9738
6646
6422
9662
2463
8876
7383
9736
3765
3761
3767
3765
3769
8877
3877
4642
2045
7285
5212
5200
9791
2747
8660
5091
5940
7981
8865
8864
7755
7918
8246
3724
4731
2194
4944
8796
5420
7811
4968
8477
4623
4762
7718
7066
8564
2066
3716
4491
4244
2367
4146
7095
4635
9472
5661
2724
4288
3387
7766
9244
6320
5727
5052
6754
4065
2768
6337
4096
8778
7436
8347
6794
2225
9464
2528
3622
4763
9651
8142
2244
8409
2096
4952
6332
8321
2600
2167
2184
2164
2185
2163
2115
3636
9346
9327
3992
4562
3961
7838
7041
2473
2114
8885
4351
8316
4936
9665
3291
2635
4966
4287
9061
3941
4119
2688
8552
7973
7354
8723
3254
9243
3778
3756
7442
7146
8891
7370
2824
8523
7214
6033
8445
8103
8104
8100
7067
3178
8316
2211
9921
7926
7362
9343
9552
4803
4804
4800
9744
8914
9661
9674
9795
6521
4502
8998
9741
8245
9763
9953
9747
9800
8542
9748
3431
7370
3265
2220
5811
7838
7333
4143
9726
9946
2481
7951
7726
9062
9751
2477
2112
2621
3351
2174
7752
8089
8085
2859
2823
2833
2837
8721
9352
8412
8411
8200
8248
8475
8438
5530
5093
8484
8294
7773
7772
3891
8194
3991
9535
8354
8353
8355
2026
2025
7533
3272
3271
3956
8681
9932
3825
3293
9371
7588
3128
3888
7768
8314
8931
9462
9516
8291
8711
3124
7976
3726
5051
3031
4625
8868
4974
8853
6787
8660
8741
8971
8798
8992
8782
8996
8900
8344
8349
8308
8997
8761
8932
8749
8751
8752
8354
8999
8348
8747
8756
8743
8353
8476
8772
8795
8793
8785
8789
8790
8994
8921
8827
8788
8921
8764
8936
8969
7839
8947
8822
8392
8792
3957
8621
8081
8251
3296
7182
8957
2627
3977
7720
8112
8672
3794
7471
8420
7671
7173
5537
4142
2072
2116
6411
4961
9346
9635
7477
7400
7474
9766
9476
6792
3897
4627
3723